1766709520185 0.5074513554573059 49
1766709536840 0.6144528985023499 99
1766709566872 0.6309658885002136 149
1766709583863 0.7691985964775085 199
1766709600933 0.8574404120445251 249
1766709631431 0.8990533947944641 299
1766709649469 0.9349193572998047 349
1766709666481 0.9245126843452454 399
1766709697247 0.9342825412750244 449
1766709714527 0.9363052845001221 499
1766709731838 0.934368371963501 549
1766709763847 0.9465072751045227 599
1766709781845 0.9653837084770203 649
1766709810292 0.9625656008720398 699
1766709828319 0.9408583045005798 749
1766709845986 0.961229681968689 799
1766709877823 0.955797553062439 849
1766709895660 0.9455380439758301 899
1766709913848 0.9500637650489807 949
1766709946682 0.9577676057815552 999
1766709965429 0.9669846296310425 1049
1766709983540 0.9752480387687683 1099
1766710018586 0.9557918906211853 1149
1766710037282 0.9596388936042786 1199
1766710072353 0.9615011215209961 1249
1766710091334 0.9611644148826599 1299
1766710111256 0.9672912955284119 1349
1766710145149 0.9639931917190552 1399
1766710164571 0.9734023213386536 1449
1766710183445 0.96621173620224 1499
1766710218997 0.9791789650917053 1549
1766710238209 0.9739784002304077 1599
1766710257837 0.9738089442253113 1649
1766710293112 0.9661170244216919 1699
1766710312402 0.9688636064529419 1749
1766710347600 0.9752382040023804 1799
1766710367220 0.9671248197555542 1849
1766710387774 0.9813011884689331 1899
1766710425265 0.9662439227104187 1949
1766710445497 0.9767307043075562 1999
1766710466452 0.9727336168289185 2049
1766710505795 0.9758203029632568 2099
1766710527549 0.9808192253112793 2149
1766710549575 0.9853298664093018 2199
1766710589367 0.9762334823608398 2249
1766710611773 0.9619694948196411 2299
1766710651671 0.9710242748260498 2349
1766710673896 0.969434380531311 2399
1766710696495 0.9719007015228271 2449
1766710736570 0.9750503897666931 2499
1766710759515 0.9823542833328247 2549
1766710782065 0.974419891834259 2599
1766710822010 0.982366681098938 2649
1766710843337 0.9782804250717163 2699
1766710866398 0.9787032008171082 2749
