1766709520185 0.5338056683540344 49
1766709536840 0.5449560880661011 99
1766709566872 0.5293664932250977 149
1766709583863 0.529386579990387 199
1766709600933 0.6836483478546143 249
1766709631431 0.8099170327186584 299
1766709649469 0.8164124488830566 349
1766709666481 0.8531570434570312 399
1766709697247 0.8479239344596863 449
1766709714527 0.8795781135559082 499
1766709731838 0.8605421781539917 549
1766709763847 0.8985051512718201 599
1766709781845 0.9119057655334473 649
1766709810292 0.9047014713287354 699
1766709828319 0.896946907043457 749
1766709845986 0.9335368871688843 799
1766709877823 0.9075827598571777 849
1766709895660 0.9130063652992249 899
1766709913848 0.9255815148353577 949
1766709946682 0.9236634969711304 999
1766709965429 0.9379919767379761 1049
1766709983540 0.9480162858963013 1099
1766710018586 0.9309731125831604 1149
1766710037282 0.9412450790405273 1199
1766710072353 0.9299675822257996 1249
1766710091334 0.9264781475067139 1299
1766710111256 0.8816401958465576 1349
1766710145149 0.9339628219604492 1399
1766710164571 0.9518594741821289 1449
1766710183445 0.9400498867034912 1499
1766710218997 0.9602391123771667 1549
1766710238209 0.9481827020645142 1599
1766710257837 0.940839409828186 1649
1766710293112 0.9494351744651794 1699
1766710312402 0.9485615491867065 1749
1766710347600 0.9543725848197937 1799
1766710367220 0.9428963661193848 1849
1766710387774 0.9606035351753235 1899
1766710425265 0.9556372165679932 1949
1766710445497 0.9621771574020386 1999
1766710466452 0.9319568276405334 2049
1766710505795 0.9637895822525024 2099
1766710527549 0.942607045173645 2149
1766710549575 0.975922703742981 2199
1766710589367 0.9446966052055359 2249
1766710611773 0.9456952214241028 2299
1766710651671 0.9404939413070679 2349
1766710673896 0.9390078783035278 2399
1766710696495 0.9470667839050293 2449
1766710736570 0.9616386890411377 2499
1766710759515 0.9596856832504272 2549
1766710782065 0.955213189125061 2599
1766710822010 0.9548256993293762 2649
1766710843337 0.9497963190078735 2699
1766710866398 0.9732074737548828 2749
