1766709520185 0.5874828696250916 49
1766709536840 0.46620428562164307 99
1766709566872 0.5779423713684082 149
1766709583863 0.7285702228546143 199
1766709600933 0.9080761671066284 249
1766709631431 0.9327918291091919 299
1766709649469 0.9335919618606567 349
1766709666481 0.9722055196762085 399
1766709697247 0.9532091617584229 449
1766709714527 0.964921236038208 499
1766709731838 0.9731612205505371 549
1766709763847 0.968321681022644 599
1766709781845 0.9729325175285339 649
1766709810292 0.96923828125 699
1766709828319 0.9797105193138123 749
1766709845986 0.9779650568962097 799
1766709877823 0.9777380228042603 849
1766709895660 0.9602212309837341 899
1766709913848 0.9735900163650513 949
1766709946682 0.9756750464439392 999
1766709965429 0.9705899953842163 1049
1766709983540 0.9725902080535889 1099
1766710018586 0.978145182132721 1149
1766710037282 0.9664446711540222 1199
1766710072353 0.9810686111450195 1249
1766710091334 0.9775270819664001 1299
1766710111256 0.9721423387527466 1349
1766710145149 0.9809547662734985 1399
1766710164571 0.9785383939743042 1449
1766710183445 0.9691699743270874 1499
1766710218997 0.9814316630363464 1549
1766710238209 0.975040853023529 1599
1766710257837 0.9844534993171692 1649
1766710293112 0.9880988597869873 1699
1766710312402 0.975891649723053 1749
1766710347600 0.9863124489784241 1799
1766710367220 0.9790624380111694 1849
1766710387774 0.9855431318283081 1899
1766710425265 0.9753845930099487 1949
1766710445497 0.9833546876907349 1999
1766710466452 0.9877585172653198 2049
1766710505795 0.9882948398590088 2099
1766710527549 0.9882215857505798 2149
1766710549575 0.9867688417434692 2199
1766710589367 0.9911993741989136 2249
1766710611773 0.9722170233726501 2299
1766710651671 0.9766437411308289 2349
1766710673896 0.9913879036903381 2399
1766710696495 0.9886435866355896 2449
1766710736570 0.9818416237831116 2499
1766710759515 0.9811630845069885 2549
1766710782065 0.9921112060546875 2599
1766710822010 0.9899095296859741 2649
1766710843337 0.9954408407211304 2699
1766710866398 0.9868263006210327 2749
