1766709520185 0.48759084939956665 49
1766709536840 0.4869726598262787 99
1766709566872 0.6056091785430908 149
1766709583863 0.8103311657905579 199
1766709600933 0.8972308039665222 249
1766709631431 0.9007835984230042 299
1766709649469 0.8962700963020325 349
1766709666481 0.9028843641281128 399
1766709697247 0.9072651863098145 449
1766709714527 0.940255880355835 499
1766709731838 0.8962485194206238 549
1766709763847 0.952457845211029 599
1766709781845 0.9596441984176636 649
1766709810292 0.9394404888153076 699
1766709828319 0.9382417798042297 749
1766709845986 0.9695260524749756 799
1766709877823 0.9510039687156677 849
1766709895660 0.9375572800636292 899
1766709913848 0.9716892242431641 949
1766709946682 0.9403243064880371 999
1766709965429 0.9650417566299438 1049
1766709983540 0.9577766060829163 1099
1766710018586 0.973538875579834 1149
1766710037282 0.9652038812637329 1199
1766710072353 0.9658175706863403 1249
1766710091334 0.9541559219360352 1299
1766710111256 0.9393302202224731 1349
1766710145149 0.9527751207351685 1399
1766710164571 0.9690390825271606 1449
1766710183445 0.9569019079208374 1499
1766710218997 0.9678748250007629 1549
1766710238209 0.9648141264915466 1599
1766710257837 0.9620237946510315 1649
1766710293112 0.979946494102478 1699
1766710312402 0.9727427363395691 1749
1766710347600 0.9750349521636963 1799
1766710367220 0.9756566882133484 1849
1766710387774 0.9736136794090271 1899
1766710425265 0.9752201437950134 1949
1766710445497 0.9802659749984741 1999
1766710466452 0.969907820224762 2049
1766710505795 0.9866856932640076 2099
1766710527549 0.9735021591186523 2149
1766710549575 0.982406735420227 2199
1766710589367 0.9808672666549683 2249
1766710611773 0.974619448184967 2299
1766710651671 0.971653938293457 2349
1766710673896 0.9821538925170898 2399
1766710696495 0.9811570644378662 2449
1766710736570 0.9854137897491455 2499
1766710759515 0.9730260372161865 2549
1766710782065 0.9837876558303833 2599
1766710822010 0.9721543788909912 2649
1766710843337 0.9807928800582886 2699
1766710866398 0.9874367713928223 2749
