1766709520185 0.8098000288009644 49
1766709536840 0.8198000192642212 99
1766709566872 0.829800009727478 149
1766709583863 0.8398000001907349 199
1766709600933 0.8497999906539917 249
1766709631431 0.8597999811172485 299
1766709649469 0.8697999715805054 349
1766709666481 0.879800021648407 399
1766709697247 0.8898000121116638 449
1766709714527 0.8998000025749207 499
1766709731838 0.9097999930381775 549
1766709763847 0.9197999835014343 599
1766709781845 0.9297999739646912 649
1766709810292 0.9398000240325928 699
1766709828319 0.9498000144958496 749
1766709845986 0.9598000049591064 799
1766709877823 0.9697999954223633 849
1766709895660 0.9797999858856201 899
1766709913848 0.989799976348877 949
1766709946682 0.9998000264167786 999
1766709965429 1.0 1049
1766709983540 1.0 1099
1766710018586 1.0 1149
1766710037282 1.0 1199
1766710072353 1.0 1249
1766710091334 1.0 1299
1766710111256 1.0 1349
1766710145149 1.0 1399
1766710164571 1.0 1449
1766710183445 1.0 1499
1766710218997 1.0 1549
1766710238209 1.0 1599
1766710257837 1.0 1649
1766710293112 1.0 1699
1766710312402 1.0 1749
1766710347600 1.0 1799
1766710367220 1.0 1849
1766710387774 1.0 1899
1766710425265 1.0 1949
1766710445497 1.0 1999
1766710466452 1.0 2049
1766710505795 1.0 2099
1766710527549 1.0 2149
1766710549575 1.0 2199
1766710589367 1.0 2249
1766710611773 1.0 2299
1766710651671 1.0 2349
1766710673896 1.0 2399
1766710696495 1.0 2449
1766710736570 1.0 2499
1766710759515 1.0 2549
1766710782065 1.0 2599
1766710822010 1.0 2649
1766710843337 1.0 2699
1766710866398 1.0 2749
