1766709520185 1.5776686668395996 49
1766709536840 1.3085412979125977 99
1766709566872 1.3720247745513916 149
1766709583863 1.2436895370483398 199
1766709600933 0.9961028099060059 249
1766709631431 0.8239898681640625 299
1766709649469 0.7965612411499023 349
1766709666481 0.7208086252212524 399
1766709697247 0.7590508460998535 449
1766709714527 0.6458668112754822 499
1766709731838 0.7200090885162354 549
1766709763847 0.5958524942398071 599
1766709781845 0.551561176776886 649
1766709810292 0.6743729114532471 699
1766709828319 0.6165754795074463 749
1766709845986 0.5082886815071106 799
1766709877823 0.5484218597412109 849
1766709895660 0.5913187265396118 899
1766709913848 0.5317732691764832 949
1766709946682 0.5631347298622131 999
1766709965429 0.49534010887145996 1049
1766709983540 0.5131086707115173 1099
1766710018586 0.5088567733764648 1149
1766710037282 0.4867228865623474 1199
1766710072353 0.4790097177028656 1249
1766710091334 0.5082184076309204 1299
1766710111256 0.6971176862716675 1349
1766710145149 0.5198370814323425 1399
1766710164571 0.4309746026992798 1449
1766710183445 0.4944421350955963 1499
1766710218997 0.44584423303604126 1549
1766710238209 0.4779135286808014 1599
1766710257837 0.4806053638458252 1649
1766710293112 0.4149034321308136 1699
1766710312402 0.4753504693508148 1749
1766710347600 0.46109291911125183 1799
1766710367220 0.5088983178138733 1849
1766710387774 0.3970601558685303 1899
1766710425265 0.4372381567955017 1949
1766710445497 0.4136742055416107 1999
1766710466452 0.4914804995059967 2049
1766710505795 0.41280683875083923 2099
1766710527549 0.4331877529621124 2149
1766710549575 0.3967973291873932 2199
1766710589367 0.43703389167785645 2249
1766710611773 0.46714338660240173 2299
1766710651671 0.48194700479507446 2349
1766710673896 0.47417059540748596 2399
1766710696495 0.4170636832714081 2449
1766710736570 0.4062645435333252 2499
1766710759515 0.412622332572937 2549
1766710782065 0.41994592547416687 2599
1766710822010 0.4224279522895813 2649
1766710843337 0.39655801653862 2699
1766710866398 0.3380606174468994 2749
