1766709520185 3.9046437740325928 49
1766709536840 2.3709073066711426 99
1766709566872 2.279096841812134 149
1766709583863 2.241563320159912 199
1766709600933 2.255836009979248 249
1766709631431 2.2382266521453857 299
1766709649469 2.2223668098449707 349
1766709666481 2.2202706336975098 399
1766709697247 2.230881452560425 449
1766709714527 2.186457633972168 499
1766709731838 2.2279229164123535 549
1766709763847 2.1678643226623535 599
1766709781845 2.1603434085845947 649
1766709810292 2.2587132453918457 699
1766709828319 2.1480793952941895 749
1766709845986 2.1106510162353516 799
1766709877823 2.0833189487457275 849
1766709895660 2.0509445667266846 899
1766709913848 2.0040414333343506 949
1766709946682 1.9256035089492798 999
1766709965429 1.8122401237487793 1049
1766709983540 1.7201670408248901 1099
1766710018586 1.5672276020050049 1149
1766710037282 1.425696849822998 1199
1766710072353 1.2906690835952759 1249
1766710091334 1.1762821674346924 1299
1766710111256 2.078941583633423 1349
1766710145149 1.14470374584198 1399
1766710164571 0.9852005243301392 1449
1766710183445 0.8987066745758057 1499
1766710218997 0.8508007526397705 1549
1766710238209 0.8050527572631836 1599
1766710257837 0.7686198353767395 1649
1766710293112 0.7466572523117065 1699
1766710312402 0.7190748453140259 1749
1766710347600 0.7016440033912659 1799
1766710367220 0.6898489594459534 1849
1766710387774 0.6777019500732422 1899
1766710425265 0.6616619825363159 1949
1766710445497 0.6580142974853516 1999
1766710466452 0.6421645879745483 2049
1766710505795 0.6313132643699646 2099
1766710527549 0.6292494535446167 2149
1766710549575 0.6375943422317505 2199
1766710589367 0.6316930651664734 2249
1766710611773 0.6516270637512207 2299
1766710651671 0.6023391485214233 2349
1766710673896 0.609261155128479 2399
1766710696495 0.6011407375335693 2449
1766710736570 0.5965976715087891 2499
1766710759515 0.5976264476776123 2549
1766710782065 0.5855801701545715 2599
1766710822010 0.590723991394043 2649
1766710843337 0.5900541543960571 2699
1766710866398 0.5699716806411743 2749
