1766709520185 100.0 49
1766709536840 100.0 99
1766709566872 100.0 149
1766709583863 100.0 199
1766709600933 100.0 249
1766709631431 100.0 299
1766709649469 100.0 349
1766709666481 100.0 399
1766709697247 100.0 449
1766709714527 100.0 499
1766709731838 100.0 549
1766709763847 100.0 599
1766709781845 100.0 649
1766709810292 100.0 699
1766709828319 100.0 749
1766709845986 100.0 799
1766709877823 100.0 849
1766709895660 100.0 899
1766709913848 100.0 949
1766709946682 100.0 999
1766709965429 100.0 1049
1766709983540 100.0 1099
1766710018586 100.0 1149
1766710037282 100.0 1199
1766710072353 100.0 1249
1766710091334 100.0 1299
1766710111256 100.0 1349
1766710145149 100.0 1399
1766710164571 100.0 1449
1766710183445 100.0 1499
1766710218997 100.0 1549
1766710238209 100.0 1599
1766710257837 100.0 1649
1766710293112 100.0 1699
1766710312402 100.0 1749
1766710347600 100.0 1799
1766710367220 100.0 1849
1766710387774 100.0 1899
1766710425265 100.0 1949
1766710445497 100.0 1999
1766710466452 100.0 2049
1766710505795 100.0 2099
1766710527549 100.0 2149
1766710549575 100.0 2199
1766710589367 100.0 2249
1766710611773 100.0 2299
1766710651671 100.0 2349
1766710673896 100.0 2399
1766710696495 100.0 2449
1766710736570 100.0 2499
1766710759515 100.0 2549
1766710782065 100.0 2599
1766710822010 100.0 2649
1766710843337 100.0 2699
1766710866398 100.0 2749
