1766709520185 86.46231842041016 49
1766709536840 85.6594467163086 99
1766709566872 86.63111877441406 149
1766709583863 87.46525573730469 199
1766709600933 88.23193359375 249
1766709631431 89.04220581054688 299
1766709649469 89.99891662597656 349
1766709666481 90.92108154296875 399
1766709697247 91.96993255615234 449
1766709714527 92.81233215332031 499
1766709731838 93.92793273925781 549
1766709763847 94.74371337890625 599
1766709781845 95.69190216064453 649
1766709810292 96.9130859375 699
1766709828319 97.74465942382812 749
1766709845986 98.59894561767578 799
1766709877823 99.61174011230469 849
1766709895660 100.62226104736328 899
1766709913848 101.51581573486328 949
1766709946682 102.46874237060547 999
1766709965429 102.30757904052734 1049
1766709983540 102.2332763671875 1099
1766710018586 102.07608032226562 1149
1766710037282 101.91242218017578 1199
1766710072353 101.76968383789062 1249
1766710091334 101.68449401855469 1299
1766710111256 102.77605438232422 1349
1766710145149 101.66454315185547 1399
1766710164571 101.41617584228516 1449
1766710183445 101.39314270019531 1499
1766710218997 101.29664611816406 1549
1766710238209 101.28296661376953 1599
1766710257837 101.24922180175781 1649
1766710293112 101.16156768798828 1699
1766710312402 101.19442749023438 1749
1766710347600 101.16272735595703 1799
1766710367220 101.19874572753906 1849
1766710387774 101.07476806640625 1899
1766710425265 101.0988998413086 1949
1766710445497 101.07169342041016 1999
1766710466452 101.1336441040039 2049
1766710505795 101.04412841796875 2099
1766710527549 101.06243896484375 2149
1766710549575 101.03439331054688 2199
1766710589367 101.0687255859375 2249
1766710611773 101.1187744140625 2299
1766710651671 101.08428192138672 2349
1766710673896 101.08342742919922 2399
1766710696495 101.01820373535156 2449
1766710736570 101.00286102294922 2499
1766710759515 101.01025390625 2549
1766710782065 101.00552368164062 2599
1766710822010 101.01315307617188 2649
1766710843337 100.98661041259766 2699
1766710866398 100.90803527832031 2749
