1766596124406 0.5992761850357056 49
1766596141340 0.6197696924209595 99
1766596172407 0.6761292219161987 149
1766596189659 0.7718443870544434 199
1766596208197 0.8768566846847534 249
1766596239047 0.890337347984314 299
1766596256565 0.8914019465446472 349
1766596274294 0.9048952460289001 399
1766596305991 0.9090755581855774 449
1766596325145 0.9171738624572754 499
1766596344484 0.9191731214523315 549
1766596377802 0.9041131734848022 599
1766596396379 0.9124966859817505 649
1766596429478 0.9263056516647339 699
1766596448045 0.9297822117805481 749
1766596466640 0.9352002143859863 799
1766596500851 0.9257968664169312 849
1766596519098 0.926602303981781 899
1766596538534 0.9370617866516113 949
1766596573069 0.9176466464996338 999
1766596592002 0.9408560991287231 1049
1766596611080 0.9429261088371277 1099
1766596645860 0.9081034660339355 1149
1766596665199 0.9504464864730835 1199
1766596699681 0.962029218673706 1249
1766596720034 0.9271568059921265 1299
1766596740347 0.9387513399124146 1349
1766596777863 0.9424699544906616 1399
1766596797033 0.9428543448448181 1449
1766596817152 0.9442373514175415 1499
1766596852769 0.9514102935791016 1549
1766596872580 0.9503263235092163 1599
1766596892737 0.9380291700363159 1649
1766596929648 0.9313198924064636 1699
1766596950098 0.9488828182220459 1749
1766596986433 0.9312198162078857 1799
1766597008404 0.9403809905052185 1849
1766597030381 0.927070677280426 1899
1766597065548 0.9486491680145264 1949
1766597087879 0.9385430812835693 1999
1766597110583 0.9485021829605103 2049
1766597149786 0.9498311281204224 2099
1766597171782 0.9400497078895569 2149
1766597194880 0.9480814933776855 2199
1766597226129 0.9611689448356628 2249
1766597249231 0.9584137201309204 2299
1766597286493 0.9671145081520081 2349
1766597310296 0.9583079814910889 2399
1766597333746 0.9408116340637207 2449
1766597369019 0.9421548247337341 2499
1766597393301 0.9431004524230957 2549
1766597416794 0.9536375403404236 2599
1766597459024 0.9329978227615356 2649
1766597483565 0.9373589754104614 2699
1766597508095 0.9552503824234009 2749
