1766596124406 0.6329541206359863 49
1766596141340 0.7325193881988525 99
1766596172407 0.8957535028457642 149
1766596189659 0.9124032258987427 199
1766596208197 0.9154864549636841 249
1766596239047 0.9468857645988464 299
1766596256565 0.9411547780036926 349
1766596274294 0.9540473222732544 399
1766596305991 0.9744715690612793 449
1766596325145 0.9601750373840332 499
1766596344484 0.9552614688873291 549
1766596377802 0.9666850566864014 599
1766596396379 0.957086443901062 649
1766596429478 0.9799244403839111 699
1766596448045 0.9684123992919922 749
1766596466640 0.968185305595398 799
1766596500851 0.9592340588569641 849
1766596519098 0.9717628955841064 899
1766596538534 0.9721095561981201 949
1766596573069 0.9816194772720337 999
1766596592002 0.9752036929130554 1049
1766596611080 0.9687883853912354 1099
1766596645860 0.9772771596908569 1149
1766596665199 0.9658380746841431 1199
1766596699681 0.9720633029937744 1249
1766596720034 0.9736552834510803 1299
1766596740347 0.9680213332176208 1349
1766596777863 0.9674172401428223 1399
1766596797033 0.9819245934486389 1449
1766596817152 0.980215311050415 1499
1766596852769 0.972179114818573 1549
1766596872580 0.9573352932929993 1599
1766596892737 0.9738264083862305 1649
1766596929648 0.9647835493087769 1699
1766596950098 0.9809293746948242 1749
1766596986433 0.966341495513916 1799
1766597008404 0.9649947285652161 1849
1766597030381 0.9697694778442383 1899
1766597065548 0.974278450012207 1949
1766597087879 0.9748421907424927 1999
1766597110583 0.9785059690475464 2049
1766597149786 0.9799274206161499 2099
1766597171782 0.9640290141105652 2149
1766597194880 0.9755674600601196 2199
1766597226129 0.9792729616165161 2249
1766597249231 0.9784901738166809 2299
1766597286493 0.9660801291465759 2349
1766597310296 0.9825685620307922 2399
1766597333746 0.979848325252533 2449
1766597369019 0.9560635089874268 2499
1766597393301 0.9614692330360413 2549
1766597416794 0.983960747718811 2599
1766597459024 0.9641390442848206 2649
1766597483565 0.9543417692184448 2699
1766597508095 0.9840888381004333 2749
