1766596124406 0.4763641953468323 49
1766596141340 0.7225393056869507 99
1766596172407 0.9345158934593201 149
1766596189659 0.9539508819580078 199
1766596208197 0.9579730033874512 249
1766596239047 0.968205451965332 299
1766596256565 0.9777172803878784 349
1766596274294 0.9748597145080566 399
1766596305991 0.9783889055252075 449
1766596325145 0.9785744547843933 499
1766596344484 0.9689564108848572 549
1766596377802 0.985185444355011 599
1766596396379 0.976534903049469 649
1766596429478 0.989197313785553 699
1766596448045 0.981806755065918 749
1766596466640 0.9532041549682617 799
1766596500851 0.983595073223114 849
1766596519098 0.9923553466796875 899
1766596538534 0.9795783758163452 949
1766596573069 0.9872993230819702 999
1766596592002 0.9874099493026733 1049
1766596611080 0.9872043132781982 1099
1766596645860 0.9813454747200012 1149
1766596665199 0.9652553796768188 1199
1766596699681 0.9888643622398376 1249
1766596720034 0.9838413000106812 1299
1766596740347 0.9805654287338257 1349
1766596777863 0.9874696135520935 1399
1766596797033 0.989925742149353 1449
1766596817152 0.9834401607513428 1499
1766596852769 0.9785001277923584 1549
1766596872580 0.9802737236022949 1599
1766596892737 0.9872164726257324 1649
1766596929648 0.978725016117096 1699
1766596950098 0.9841446280479431 1749
1766596986433 0.9857409000396729 1799
1766597008404 0.9808447957038879 1849
1766597030381 0.9930477142333984 1899
1766597065548 0.9777084589004517 1949
1766597087879 0.9824864864349365 1999
1766597110583 0.9863187074661255 2049
1766597149786 0.9931372404098511 2099
1766597171782 0.9875005483627319 2149
1766597194880 0.9836449027061462 2199
1766597226129 0.9653332233428955 2249
1766597249231 0.9881846308708191 2299
1766597286493 0.9853259921073914 2349
1766597310296 0.9856363534927368 2399
1766597333746 0.988318920135498 2449
1766597369019 0.9783555865287781 2499
1766597393301 0.9779742956161499 2549
1766597416794 0.9852087497711182 2599
1766597459024 0.9706918001174927 2649
1766597483565 0.9793844819068909 2699
1766597508095 0.9776423573493958 2749
