1766596124406 0.5370883941650391 49
1766596141340 0.5918790102005005 99
1766596172407 0.8498386740684509 149
1766596189659 0.9246129989624023 199
1766596208197 0.9307538866996765 249
1766596239047 0.930094301700592 299
1766596256565 0.9427058696746826 349
1766596274294 0.9565198421478271 399
1766596305991 0.9475778341293335 449
1766596325145 0.958440899848938 499
1766596344484 0.958526074886322 549
1766596377802 0.9503005743026733 599
1766596396379 0.9499168992042542 649
1766596429478 0.9561468362808228 699
1766596448045 0.9653607606887817 749
1766596466640 0.9687355756759644 799
1766596500851 0.9676989316940308 849
1766596519098 0.9600024223327637 899
1766596538534 0.9645617604255676 949
1766596573069 0.9596081972122192 999
1766596592002 0.9665106534957886 1049
1766596611080 0.9737216234207153 1099
1766596645860 0.9505515694618225 1149
1766596665199 0.9784815311431885 1199
1766596699681 0.9726848006248474 1249
1766596720034 0.9518284201622009 1299
1766596740347 0.9672533869743347 1349
1766596777863 0.9680478572845459 1399
1766596797033 0.9688788056373596 1449
1766596817152 0.9642449617385864 1499
1766596852769 0.9685215353965759 1549
1766596872580 0.9764716625213623 1599
1766596892737 0.964619517326355 1649
1766596929648 0.9595400094985962 1699
1766596950098 0.9666863679885864 1749
1766596986433 0.9640580415725708 1799
1766597008404 0.9732921123504639 1849
1766597030381 0.9597369432449341 1899
1766597065548 0.9617218971252441 1949
1766597087879 0.9622291922569275 1999
1766597110583 0.975836455821991 2049
1766597149786 0.9710949659347534 2099
1766597171782 0.9707962870597839 2149
1766597194880 0.9709337949752808 2199
1766597226129 0.9748156666755676 2249
1766597249231 0.9706729650497437 2299
1766597286493 0.9819908142089844 2349
1766597310296 0.9760171175003052 2399
1766597333746 0.9645096063613892 2449
1766597369019 0.9744012355804443 2499
1766597393301 0.9623996615409851 2549
1766597416794 0.9740685224533081 2599
1766597459024 0.9607974290847778 2649
1766597483565 0.9678711891174316 2699
1766597508095 0.9685021042823792 2749
