1766596124406 0.8098000288009644 49
1766596141340 0.8198000192642212 99
1766596172407 0.829800009727478 149
1766596189659 0.8398000001907349 199
1766596208197 0.8497999906539917 249
1766596239047 0.8597999811172485 299
1766596256565 0.8697999715805054 349
1766596274294 0.879800021648407 399
1766596305991 0.8898000121116638 449
1766596325145 0.8998000025749207 499
1766596344484 0.9097999930381775 549
1766596377802 0.9197999835014343 599
1766596396379 0.9297999739646912 649
1766596429478 0.9398000240325928 699
1766596448045 0.9498000144958496 749
1766596466640 0.9598000049591064 799
1766596500851 0.9697999954223633 849
1766596519098 0.9797999858856201 899
1766596538534 0.989799976348877 949
1766596573069 0.9998000264167786 999
1766596592002 1.0 1049
1766596611080 1.0 1099
1766596645860 1.0 1149
1766596665199 1.0 1199
1766596699681 1.0 1249
1766596720034 1.0 1299
1766596740347 1.0 1349
1766596777863 1.0 1399
1766596797033 1.0 1449
1766596817152 1.0 1499
1766596852769 1.0 1549
1766596872580 1.0 1599
1766596892737 1.0 1649
1766596929648 1.0 1699
1766596950098 1.0 1749
1766596986433 1.0 1799
1766597008404 1.0 1849
1766597030381 1.0 1899
1766597065548 1.0 1949
1766597087879 1.0 1999
1766597110583 1.0 2049
1766597149786 1.0 2099
1766597171782 1.0 2149
1766597194880 1.0 2199
1766597226129 1.0 2249
1766597249231 1.0 2299
1766597286493 1.0 2349
1766597310296 1.0 2399
1766597333746 1.0 2449
1766597369019 1.0 2499
1766597393301 1.0 2549
1766597416794 1.0 2599
1766597459024 1.0 2649
1766597483565 1.0 2699
1766597508095 1.0 2749
