1766596124406 2.5756092071533203 49
1766596141340 1.3675849437713623 99
1766596172407 0.9614152908325195 149
1766596189659 0.8175477981567383 199
1766596208197 0.6921019554138184 249
1766596239047 0.6517449617385864 299
1766596256565 0.6382893323898315 349
1766596274294 0.6055929660797119 399
1766596305991 0.5742977857589722 449
1766596325145 0.545391857624054 499
1766596344484 0.54462069272995 549
1766596377802 0.5658398270606995 599
1766596396379 0.5575471520423889 649
1766596429478 0.5070494413375854 699
1766596448045 0.5017979145050049 749
1766596466640 0.5343760251998901 799
1766596500851 0.5355462431907654 849
1766596519098 0.5164135098457336 899
1766596538534 0.4923899173736572 949
1766596573069 0.55262291431427 999
1766596592002 0.4879732131958008 1049
1766596611080 0.4482771158218384 1099
1766596645860 0.5732476711273193 1149
1766596665199 0.4677518308162689 1199
1766596699681 0.47730445861816406 1249
1766596720034 0.5044281482696533 1299
1766596740347 0.49473413825035095 1349
1766596777863 0.489501416683197 1399
1766596797033 0.4594298303127289 1449
1766596817152 0.5132251977920532 1499
1766596852769 0.4694468379020691 1549
1766596872580 0.4996248185634613 1599
1766596892737 0.4687197506427765 1649
1766596929648 0.5160596966743469 1699
1766596950098 0.4688439965248108 1749
1766596986433 0.5268491506576538 1799
1766597008404 0.5136342644691467 1849
1766597030381 0.5298140048980713 1899
1766597065548 0.49340108036994934 1949
1766597087879 0.4955570697784424 1999
1766597110583 0.4658517837524414 2049
1766597149786 0.4766620099544525 2099
1766597171782 0.48173248767852783 2149
1766597194880 0.4935074746608734 2199
1766597226129 0.4315983057022095 2249
1766597249231 0.4554503560066223 2299
1766597286493 0.4363251030445099 2349
1766597310296 0.4588702917098999 2399
1766597333746 0.47507432103157043 2449
1766597369019 0.49648958444595337 2499
1766597393301 0.5112442374229431 2549
1766597416794 0.4182497560977936 2599
1766597459024 0.5609217882156372 2649
1766597483565 0.503967821598053 2699
1766597508095 0.44914859533309937 2749
