1766596124406 100.0 49
1766596141340 9.642155647277832 99
1766596172407 9.61439323425293 149
1766596189659 9.611392974853516 199
1766596208197 9.603981018066406 249
1766596239047 9.60545825958252 299
1766596256565 9.601930618286133 349
1766596274294 9.601710319519043 399
1766596305991 9.603104591369629 449
1766596325145 9.60264778137207 499
1766596344484 9.604973793029785 549
1766596377802 9.605354309082031 599
1766596396379 9.602477073669434 649
1766596429478 9.603840827941895 699
1766596448045 9.602469444274902 749
1766596466640 9.603848457336426 799
1766596500851 9.603063583374023 849
1766596519098 9.604931831359863 899
1766596538534 9.604230880737305 949
1766596573069 9.604135513305664 999
1766596592002 9.605818748474121 1049
1766596611080 9.60551643371582 1099
1766596645860 9.606945037841797 1149
1766596665199 9.606679916381836 1199
1766596699681 9.608541488647461 1249
1766596720034 9.6084566116333 1299
1766596740347 9.608674049377441 1349
1766596777863 9.607872009277344 1399
1766596797033 9.610525131225586 1449
1766596817152 9.613279342651367 1499
1766596852769 9.608369827270508 1549
1766596872580 9.609167098999023 1599
1766596892737 9.615161895751953 1649
1766596929648 9.612350463867188 1699
1766596950098 9.617015838623047 1749
1766596986433 9.612983703613281 1799
1766597008404 9.610353469848633 1849
1766597030381 9.622390747070312 1899
1766597065548 9.613832473754883 1949
1766597087879 9.614503860473633 1999
1766597110583 9.611576080322266 2049
1766597149786 9.611955642700195 2099
1766597171782 9.623796463012695 2149
1766597194880 9.615386962890625 2199
1766597226129 9.615066528320312 2249
1766597249231 9.614645004272461 2299
1766597286493 9.615093231201172 2349
1766597310296 9.614676475524902 2399
1766597333746 9.616793632507324 2449
1766597369019 9.617128372192383 2499
1766597393301 9.620037078857422 2549
1766597416794 9.61689281463623 2599
1766597459024 9.617802619934082 2649
1766597483565 9.621296882629395 2699
1766597508095 9.621394157409668 2749
