1766596124406 9.875736236572266 49
1766596141340 2.8444859981536865 99
1766596172407 2.541501998901367 149
1766596189659 2.431595802307129 199
1766596208197 2.351619243621826 249
1766596239047 2.3018016815185547 299
1766596256565 2.2663493156433105 349
1766596274294 2.2573509216308594 399
1766596305991 2.250051736831665 449
1766596325145 2.240452527999878 499
1766596344484 2.230494260787964 549
1766596377802 2.2196238040924072 599
1766596396379 2.198451519012451 649
1766596429478 2.2082109451293945 699
1766596448045 2.199937105178833 749
1766596466640 2.181084632873535 799
1766596500851 2.163517475128174 849
1766596519098 2.151007652282715 899
1766596538534 2.1429107189178467 949
1766596573069 2.1331863403320312 999
1766596592002 2.106257200241089 1049
1766596611080 2.0924463272094727 1099
1766596645860 2.084825038909912 1149
1766596665199 2.0534422397613525 1199
1766596699681 2.0271525382995605 1249
1766596720034 1.9919214248657227 1299
1766596740347 1.9601269960403442 1349
1766596777863 1.9135587215423584 1399
1766596797033 1.8754608631134033 1449
1766596817152 1.8477706909179688 1499
1766596852769 1.8091692924499512 1549
1766596872580 1.76908278465271 1599
1766596892737 1.717858910560608 1649
1766596929648 1.6550213098526 1699
1766596950098 1.6231293678283691 1749
1766596986433 1.5515247583389282 1799
1766597008404 1.491930365562439 1849
1766597030381 1.4382222890853882 1899
1766597065548 1.3807926177978516 1949
1766597087879 1.3295562267303467 1999
1766597110583 1.2740285396575928 2049
1766597149786 1.2121312618255615 2099
1766597171782 1.192972183227539 2149
1766597194880 1.1257259845733643 2199
1766597226129 1.0681861639022827 2249
1766597249231 1.019091010093689 2299
1766597286493 0.9873033761978149 2349
1766597310296 0.9532924890518188 2399
1766597333746 0.9249868988990784 2449
1766597369019 0.9088860750198364 2499
1766597393301 0.868386447429657 2549
1766597416794 0.8452547788619995 2599
1766597459024 0.8367806673049927 2649
1766597483565 0.8241139650344849 2699
1766597508095 0.8219053149223328 2749
