1766596124406 93.43135070800781 49
1766596141340 12.116710662841797 99
1766596172407 11.480941772460938 149
1766596189659 11.320792198181152 199
1766596208197 11.205183982849121 249
1766596239047 11.212319374084473 299
1766596256565 11.256397247314453 349
1766596274294 11.310528755187988 399
1766596305991 11.369192123413086 449
1766596325145 11.42630672454834 499
1766596344484 11.513720512390137 549
1766596377802 11.620469093322754 599
1766596396379 11.684381484985352 649
1766596429478 11.740950584411621 699
1766596448045 11.822160720825195 749
1766596466640 11.933235168457031 799
1766596500851 12.012113571166992 849
1766596519098 12.078332901000977 899
1766596538534 12.141569137573242 949
1766596573069 12.288022994995117 999
1766596592002 12.20004940032959 1049
1766596611080 12.146239280700684 1099
1766596645860 12.265016555786133 1149
1766596665199 12.127873420715332 1199
1766596699681 12.112998008728027 1249
1766596720034 12.104805946350098 1299
1766596740347 12.0635347366333 1349
1766596777863 12.010932922363281 1399
1766596797033 11.945415496826172 1449
1766596817152 11.974274635314941 1499
1766596852769 11.886985778808594 1549
1766596872580 11.877876281738281 1599
1766596892737 11.801740646362305 1649
1766596929648 11.783431053161621 1699
1766596950098 11.708988189697266 1749
1766596986433 11.69135856628418 1799
1766597008404 11.61591911315918 1849
1766597030381 11.590426445007324 1899
1766597065548 11.488025665283203 1949
1766597087879 11.439617156982422 1999
1766597110583 11.351457595825195 2049
1766597149786 11.300749778747559 2099
1766597171782 11.298501968383789 2149
1766597194880 11.234619140625 2199
1766597226129 11.114850997924805 2249
1766597249231 11.089186668395996 2299
1766597286493 11.038722038269043 2349
1766597310296 11.026840209960938 2399
1766597333746 11.016855239868164 2449
1766597369019 11.022503852844238 2499
1766597393301 10.999669075012207 2549
1766597416794 10.880396842956543 2599
1766597459024 11.01550579071045 2649
1766597483565 10.949378967285156 2699
1766597508095 10.892446517944336 2749
