1766709520185 0.0 49
1766709536840 0.0 99
1766709553969 0.0 137
1766709566872 1.0 149
1766709583863 1.0 199
1766709600933 1.0 249
1766709614615 1.0 275
1766709631431 2.0 299
1766709649469 2.0 349
1766709666481 2.0 399
1766709675961 2.0 413
1766709697247 3.0 449
1766709714527 3.0 499
1766709731838 3.0 549
1766709737328 3.0 551
1766709763847 4.0 599
1766709781845 4.0 649
1766709802051 4.0 689
1766709810292 5.0 699
1766709828319 5.0 749
1766709845986 5.0 799
1766709861089 5.0 827
1766709877823 6.0 849
1766709895660 6.0 899
1766709913848 6.0 949
1766709924872 6.0 965
1766709946682 7.0 999
1766709965429 7.0 1049
1766709983540 7.0 1099
1766709991737 7.0 1103
1766710018586 8.0 1149
1766710037282 8.0 1199
1766710060352 8.0 1241
1766710072353 9.0 1249
1766710091334 9.0 1299
1766710111256 9.0 1349
1766710128291 9.0 1379
1766710145149 10.0 1399
1766710164571 10.0 1449
1766710183445 10.0 1499
1766710197929 10.0 1517
1766710218997 11.0 1549
1766710238209 11.0 1599
1766710257837 11.0 1649
1766710266609 11.0 1655
1766710293112 12.0 1699
1766710312402 12.0 1749
1766710335959 12.0 1793
1766710347600 13.0 1799
1766710367220 13.0 1849
1766710387774 13.0 1899
1766710409331 13.0 1931
1766710425265 14.0 1949
1766710445497 14.0 1999
1766710466452 14.0 2049
1766710483420 14.0 2069
1766710505795 15.0 2099
1766710527549 15.0 2149
1766710549575 15.0 2199
1766710561412 15.0 2207
1766710589367 16.0 2249
1766710611773 16.0 2299
1766710640666 16.0 2345
1766710651671 17.0 2349
1766710673896 17.0 2399
1766710696495 17.0 2449
1766710720741 17.0 2483
1766710736570 18.0 2499
1766710759515 18.0 2549
1766710782065 18.0 2599
1766710800945 18.0 2621
1766710822010 19.0 2649
1766710843337 19.0 2699
1766710866398 19.0 2749
1766710880446 19.0 2759
