1766596124406 0.0 49
1766596141340 0.0 99
1766596159001 0.0 137
1766596172407 1.0 149
1766596189659 1.0 199
1766596208197 1.0 249
1766596221984 1.0 275
1766596239047 2.0 299
1766596256565 2.0 349
1766596274294 2.0 399
1766596284472 2.0 413
1766596305991 3.0 449
1766596325145 3.0 499
1766596344484 3.0 549
1766596350509 3.0 551
1766596377802 4.0 599
1766596396379 4.0 649
1766596416760 4.0 689
1766596429478 5.0 699
1766596448045 5.0 749
1766596466640 5.0 799
1766596483325 5.0 827
1766596500851 6.0 849
1766596519098 6.0 899
1766596538534 6.0 949
1766596551145 6.0 965
1766596573069 7.0 999
1766596592002 7.0 1049
1766596611080 7.0 1099
1766596618506 7.0 1103
1766596645860 8.0 1149
1766596665199 8.0 1199
1766596687104 8.0 1241
1766596699681 9.0 1249
1766596720034 9.0 1299
1766596740347 9.0 1349
1766596760258 9.0 1379
1766596777863 10.0 1399
1766596797033 10.0 1449
1766596817152 10.0 1499
1766596830621 10.0 1517
1766596852769 11.0 1549
1766596872580 11.0 1599
1766596892737 11.0 1649
1766596902561 11.0 1655
1766596929648 12.0 1699
1766596950098 12.0 1749
1766596974712 12.0 1793
1766596986433 13.0 1799
1766597008404 13.0 1849
1766597030381 13.0 1899
1766597052638 13.0 1931
1766597065548 14.0 1949
1766597087879 14.0 1999
1766597110583 14.0 2049
1766597127972 14.0 2069
1766597149786 15.0 2099
1766597171782 15.0 2149
1766597194880 15.0 2199
1766597206912 15.0 2207
1766597226129 16.0 2249
1766597249231 16.0 2299
1766597279882 16.0 2345
1766597286493 17.0 2349
1766597310296 17.0 2399
1766597333746 17.0 2449
1766597356608 17.0 2483
1766597369019 18.0 2499
1766597393301 18.0 2549
1766597416794 18.0 2599
1766597436243 18.0 2621
1766597459024 19.0 2649
1766597483565 19.0 2699
1766597508095 19.0 2749
1766597521341 19.0 2759
